1345
1043
12
1097
1196
1065
1108
1390
1383
1419
1421
1138
1059
1545
629
26
1556
1406
1079
1353
252
1539
1517
1178
164
1407
1349
1273
1394
1569
1151
1165
1257
1367
1086
1109
16
1381
295
1422
1337
1384
1258
1476
1137
1382
1338
485
1222
1306
1114
1052
1219
4
1415
1402
1078
227
1105
102
1116
1053
1261
1572
1171
10
1071
182
551
119
1352
1508
1543
1399
1262
265
453
1387
459
552
1279
1101
1127
1363
1074
1239
1241
1230
1489
1077
1197
1570
1404
1182
76
1265
1094
1248
1386
1179
1075
1227
1542
1351
1388
1129
1414
1115
1073
1525
1264
264
1328
1155
342
1312
1194
1405
1285
1085
1562
1333
1107
1063
1321
1017
1135
1193
1198
1331
1038
1024
1315
378
1032
1322
1413
1304
1297
1072
1235
1305
1403
1573
1162
1452
1010
1364
1433
1253
1028
1568
1398
1082
1124
1454
1244
258
1029
1175
1214
1356
1391
1100
1103
1342
1447
1329
1317
1149
130
1146
153
1263
1226
1
106
1385
1173
108
1154
97
1282
1284
1558
270
1204
1130
78
181
339
1242
1555
1274
1203
1325
1393
1563
1266
1595
156
1354
1040
401
1087
1037
1323
254
1445
1311
1250
271
263
1176
1169
1233
107
1434
1189
269
1041
1143
1296
1540
266
1047
1054
1259
1234
1183
142
1395
1061
1344
1223
1016
1287
1491
139
1225
1324
1167
1561
1224
1389
101
1535
1208
1286
1240
1481
1549
1111
1575
1021
1140
1012
1335
1339
99
144
1184
1201
596
1360
1163
1120
1373
260
468
1177
1099
160
1506
1118
1534
1121
81
1119
113
1499
1232
1527
1181
1552
1026
576
1319
2
1062
1168
1125
1134
276
36
1372
1487
1034
1298
1473
1578
435
1546
1112
1042
1110
257
1281
734
1172
103
1541
1270
472
306
1529
1091
1441
1249
1431
125
1560
1288
1488
1565
1014
47
1440
1496
1597
1039
1275
1126
1469
1144
1174
1432
1277
1254
1206
1418
1090
1192
1486
1083
1417
1410
1446
1436
157
1191
129
150
1514
1089
1131
1557
90
436
1293
1554
261
1435
1190
1464
1449
111
202
874
680
1309
152
114
1247
1524
1579
1056
1195
1002
1122
1289
1346
1453
1401
137
826
1528
1471
255
1025
145
291
1076
1238
1582
1095
277
40
1477
1596
1589
1209
1117
1478
1310
1369
1522
244
1081
1584
1368
1520
268
1480
411
1070
1592
207
1113
1027
1593
1057
281
1465
1133
1548
1106
1457
45
1531
1468
29
1019
1586
364
1599
159
1475
1044
1030
1526
67
6
1466
1318
1511
1425
1295
1483
100
1009
1330
1505
1533
1450
1427
149
805
1211
1577
1521
1068
1147
1588
232
1377
1507
1547
148
1516
437
1456
1512
1448
1444
272
1216
1011
1004
1509
1218
578
1585
200
573
1361
143
1438
1157
1045
77
1510
1567
1513
1332
1484
1060
117
1504
122
589
175
1132
147
1530
1472
223
1049
233
1229
1366
105
1316
1515
1470
1495
1283
1497
1164
290
1212
267
1437
1492
601
1503
1000
110
138
1482
317
1141
1051
1007
1467
556
1358
1237
1502
1272
1494
128
213
146
1463
1587
1375
383
1576
1205
1462
1532
773
612
124
17
328
201
1493
66
1518
444
183
1559
1571
205
1355
1302
349
1008
123
141
1001
109
438
470
919
190
624
212
208
1460
33
98
61
24
820
196
