2
10
12
13
16
28
36
40
45
61
67
76
81
90
97
100
101
104
105
107
110
114
115
121
122
123
124
131
135
137
138
139
151
152
153
154
181
182
190
200
202
205
231
232
234
252
257
258
261
264
265
267
269
270
272
274
276
278
291
295
306
312
317
328
349
364
367
379
437
438
453
468
472
502
540
552
573
574
575
576
612
624
633
661
670
680
722
734
773
805
826
874
1003
1004
1005
1007
1008
1009
1010
1012
1013
1016
1017
1018
1020
1021
1026
1027
1029
1030
1033
1034
1035
1037
1041
1042
1043
1044
1046
1047
1048
1049
1050
1051
1052
1055
1057
1058
1059
1062
1063
1064
1065
1069
1070
1071
1073
1074
1075
1078
1079
1080
1081
1082
1086
1087
1088
1089
1091
1092
1093
1094
1095
1096
1097
1101
1105
1106
1107
1111
1112
1114
1115
1117
1118
1119
1120
1122
1126
1127
1128
1129
1130
1131
1132
1133
1134
1135
1137
1140
1141
1142
1144
1146
1147
1148
1150
1152
1153
1154
1156
1157
1159
1160
1161
1162
1163
1164
1165
1166
1167
1168
1169
1170
1171
1172
1173
1175
1177
1178
1179
1180
1181
1182
1183
1185
1186
1188
1190
1191
1193
1194
1195
1197
1198
1199
1200
1201
1202
1203
1204
1205
1208
1210
1211
1213
1214
1215
1216
1217
1218
1219
1223
1225
1227
1228
1232
1234
1235
1236
1237
1240
1241
1245
1247
1248
1254
1255
1257
1258
1259
1261
1263
1265
1266
1268
1274
1277
1279
1280
1281
1282
1283
1284
1286
1287
1288
1289
1290
1293
1294
1295
1298
1299
1301
1302
1303
1306
1307
1309
1310
1311
1312
1313
1315
1317
1318
1319
1320
1321
1324
1325
1327
1328
1329
1330
1332
1334
1336
1337
1338
1342
1343
1344
1350
1351
1352
1354
1355
1356
1359
1361
1362
1363
1365
1366
1367
1374
1375
1376
1377
1379
1380
1381
1383
1384
1388
1390
1391
1394
1395
1396
1397
1398
1401
1404
1408
1409
1411
1414
1415
1417
1419
1422
1423
1424
1426
1427
1428
1429
1431
1433
1434
1436
1444
1445
1446
1447
1452
1455
1456
1457
1469
1470
1471
1472
1473
1474
1477
1480
1481
1483
1484
1485
1491
1495
1496
1501
1504
1506
1510
1511
1512
1516
1519
1520
1521
1523
1524
1525
1528
1529
1530
1533
1542
1543
1545
1548
1551
1556
1557
1558
1564
1565
1567
1568
1570
1572
1573
1575
1577
1578
1579
1582
1584
1585
1588
1590
1592
1593
1595
1599
