0
1
4
6
9
11
14
15
17
24
26
27
29
33
47
66
77
78
80
84
86
98
99
102
103
106
108
109
111
112
113
116
117
118
119
120
125
126
127
128
129
130
132
133
134
136
140
141
142
143
144
145
146
147
148
149
150
155
156
157
159
160
162
164
170
174
175
178
183
196
201
207
208
212
213
223
227
229
233
244
254
255
260
262
263
266
268
271
275
277
280
281
290
300
313
339
342
365
378
383
396
401
411
435
436
444
459
470
471
485
499
518
547
551
556
578
589
596
601
629
641
728
735
742
820
822
919
941
959
1000
1001
1002
1006
1011
1014
1015
1019
1022
1023
1024
1025
1028
1031
1032
1036
1038
1039
1040
1045
1053
1054
1056
1060
1061
1066
1067
1068
1072
1076
1077
1083
1084
1085
1090
1098
1099
1100
1102
1103
1104
1108
1109
1110
1113
1116
1121
1123
1124
1125
1136
1138
1139
1143
1145
1149
1151
1155
1158
1174
1176
1184
1187
1189
1192
1196
1206
1207
1209
1212
1220
1221
1222
1224
1226
1229
1230
1231
1233
1238
1239
1242
1243
1244
1246
1249
1250
1251
1252
1253
1256
1260
1262
1264
1267
1269
1270
1271
1272
1273
1275
1276
1278
1285
1291
1292
1296
1297
1300
1304
1305
1308
1314
1316
1322
1323
1326
1331
1333
1335
1339
1340
1341
1345
1346
1347
1348
1349
1353
1357
1358
1360
1364
1368
1369
1370
1371
1372
1373
1378
1382
1385
1386
1387
1389
1392
1393
1399
1400
1402
1403
1405
1406
1407
1410
1412
1413
1416
1418
1420
1421
1425
1430
1432
1435
1437
1438
1439
1440
1441
1442
1443
1448
1449
1450
1451
1453
1454
1458
1459
1460
1461
1462
1463
1464
1465
1466
1467
1468
1475
1476
1478
1479
1482
1486
1487
1488
1489
1490
1492
1493
1494
1497
1498
1499
1500
1502
1503
1505
1507
1508
1509
1513
1514
1515
1517
1518
1522
1526
1527
1531
1532
1534
1535
1536
1537
1538
1539
1540
1541
1544
1546
1547
1549
1550
1552
1553
1554
1555
1559
1560
1561
1562
1563
1566
1569
1571
1574
1576
1580
1581
1583
1586
1587
1589
1591
1594
1596
1597
1598
